"state_region","date","daily_cases","cumulative_cases","daily_deaths","cumulative_deaths"
NA,"2020-01-21",1,1,0,0
NA,"2020-01-22",1,1,0,0
NA,"2020-01-23",1,1,0,0
NA,"2020-01-24",2,2,0,0
NA,"2020-01-25",3,3,0,0
NA,"2020-01-26",5,5,0,0
NA,"2020-01-27",5,5,0,0
NA,"2020-01-28",5,5,0,0
NA,"2020-01-29",5,5,0,0
NA,"2020-01-30",6,6,0,0
NA,"2020-01-31",7,7,0,0
NA,"2020-02-01",8,8,0,0
NA,"2020-02-02",11,11,0,0
NA,"2020-02-03",11,11,0,0
NA,"2020-02-04",11,11,0,0
NA,"2020-02-05",12,12,0,0
NA,"2020-02-06",12,12,0,0
NA,"2020-02-07",12,12,0,0
NA,"2020-02-08",12,12,0,0
NA,"2020-02-09",12,12,0,0
NA,"2020-02-10",13,13,0,0
NA,"2020-02-11",13,13,0,0
NA,"2020-02-12",14,14,0,0
NA,"2020-02-13",15,15,0,0
NA,"2020-02-14",15,15,0,0
NA,"2020-02-15",15,15,0,0
NA,"2020-02-16",15,15,0,0
NA,"2020-02-17",25,25,0,0
NA,"2020-02-18",25,25,0,0
NA,"2020-02-19",25,25,0,0
NA,"2020-02-20",27,27,0,0
NA,"2020-02-21",30,30,0,0
NA,"2020-02-22",30,30,0,0
NA,"2020-02-23",30,30,0,0
NA,"2020-02-24",43,43,0,0
NA,"2020-02-25",45,45,0,0
NA,"2020-02-26",60,60,0,0
NA,"2020-02-27",60,60,0,0
NA,"2020-02-28",65,65,0,0
NA,"2020-02-29",70,70,1,1
NA,"2020-03-01",88,88,3,3
NA,"2020-03-02",104,104,6,6
NA,"2020-03-03",125,125,10,10
NA,"2020-03-04",161,161,12,12
NA,"2020-03-05",228,228,12,12
NA,"2020-03-06",311,311,15,15
NA,"2020-03-07",428,428,19,19
NA,"2020-03-08",547,547,22,22
NA,"2020-03-09",748,748,26,26
NA,"2020-03-10",1018,1018,31,31
NA,"2020-03-11",1263,1263,37,37
NA,"2020-03-12",1668,1668,43,43
NA,"2020-03-13",2224,2224,50,50
NA,"2020-03-14",2898,2898,60,60
NA,"2020-03-15",3600,3600,68,68
NA,"2020-03-16",4507,4507,91,91
NA,"2020-03-17",5906,5906,117,117
NA,"2020-03-18",8350,8350,162,162
NA,"2020-03-19",12393,12393,212,212
NA,"2020-03-20",18012,18012,277,277
NA,"2020-03-21",24528,24528,360,360
NA,"2020-03-22",33073,33073,458,458
NA,"2020-03-23",43505,43505,579,579
NA,"2020-03-24",53938,53938,785,785
NA,"2020-03-25",68572,68572,1054,1054
NA,"2020-03-26",85570,85570,1353,1353
NA,"2020-03-27",102900,102900,1765,1765
NA,"2020-03-28",123966,123966,2292,2292
NA,"2020-03-29",142486,142486,2707,2707
NA,"2020-03-30",163955,163955,3354,3354
NA,"2020-03-31",188461,188461,4289,4289
NA,"2020-04-01",215391,215391,5325,5325
NA,"2020-04-02",245108,245108,6541,6541
NA,"2020-04-03",277426,277426,7932,7932
NA,"2020-04-04",312525,312525,9488,9488
NA,"2020-04-05",338141,338141,10856,10856
NA,"2020-04-06",369057,369057,12382,12382
NA,"2020-04-07",399394,399394,14616,14616
NA,"2020-04-08",431214,431214,16701,16701
NA,"2020-04-09",465913,465913,18821,18821
NA,"2020-04-10",499386,499386,21084,21084
NA,"2020-04-11",531106,531106,23168,23168
NA,"2020-04-12",558249,558249,24849,24849
NA,"2020-04-13",584018,584018,26613,26613
NA,"2020-04-14",610709,610709,29318,29318
NA,"2020-04-15",640742,640742,32070,32070
NA,"2020-04-16",672355,672355,34418,34418
NA,"2020-04-17",703864,703864,36707,36707
NA,"2020-04-18",732262,732262,38659,38659
NA,"2020-04-19",757596,757596,40179,40179
NA,"2020-04-20",784991,784991,42016,42016
NA,"2020-04-21",810505,810505,44688,44688
NA,"2020-04-22",839336,839336,47059,47059
NA,"2020-04-23",873112,873112,49228,49228
NA,"2020-04-24",909853,909853,51360,51360
NA,"2020-04-25",944261,944261,53326,53326
NA,"2020-04-26",970996,970996,54580,54580
NA,"2020-04-27",994193,994193,56022,56022
NA,"2020-04-28",1018846,1018846,58416,58416
NA,"2020-04-29",1045401,1045401,60930,60930
NA,"2020-04-30",1075758,1075758,63140,63140
NA,"2020-05-01",1109728,1109728,64902,64902
NA,"2020-05-02",1139202,1139202,66485,66485
NA,"2020-05-03",1165342,1165342,67816,67816
NA,"2020-05-04",1187304,1187304,68905,68905
NA,"2020-05-05",1211011,1211011,71139,71139
NA,"2020-05-06",1235519,1235519,73847,73847
NA,"2020-05-07",1263995,1263995,75805,75805
NA,"2020-05-08",1291643,1291643,77380,77380
NA,"2020-05-09",1316511,1316511,78834,78834
NA,"2020-05-10",1336828,1336828,79765,79765
NA,"2020-05-11",1354449,1354449,80747,80747
NA,"2020-05-12",1376749,1376749,82400,82400
NA,"2020-05-13",1397894,1397894,84168,84168
NA,"2020-05-14",1424856,1424856,85906,85906
NA,"2020-05-15",1451093,1451093,87499,87499
NA,"2020-05-16",1474752,1474752,88724,88724
NA,"2020-05-17",1493766,1493766,89568,89568
NA,"2020-05-18",1515593,1515593,90408,90408
NA,"2020-05-19",1536570,1536570,91928,91928
NA,"2020-05-20",1559640,1559640,93411,93411
NA,"2020-05-21",1585373,1585373,94722,94722
NA,"2020-05-22",1609172,1609172,96010,96010
NA,"2020-05-23",1631440,1631440,97060,97060
NA,"2020-05-24",1651471,1651471,97680,97680
NA,"2020-05-25",1670571,1670571,98190,98190
NA,"2020-05-26",1689467,1689467,98937,98937
NA,"2020-05-27",1708211,1708211,100422,100422
NA,"2020-05-28",1730723,1730723,101622,101622
NA,"2020-05-29",1755271,1755271,102812,102812
NA,"2020-05-30",1778668,1778668,103775,103775
NA,"2020-05-31",1799302,1799302,104379,104379
NA,"2020-06-01",1821199,1821199,105113,105113
NA,"2020-06-02",1841990,1841990,106195,106195
NA,"2020-06-03",1861977,1861977,107184,107184
NA,"2020-06-04",1883593,1883593,108192,108192
NA,"2020-06-05",1912302,1912302,109304,109304
NA,"2020-06-06",1934818,1934818,110032,110032
NA,"2020-06-07",1953434,1953434,110422,110422
NA,"2020-06-08",1971641,1971641,111144,111144
NA,"2020-06-09",1990446,1990446,112174,112174
NA,"2020-06-10",2013298,2013298,113103,113103
NA,"2020-06-11",2036500,2036500,113980,113980
NA,"2020-06-12",2061993,2061993,114759,114759
NA,"2020-06-13",2087327,2087327,115451,115451
NA,"2020-06-14",2106457,2106457,115768,115768
NA,"2020-06-15",2126574,2126574,116216,116216
NA,"2020-06-16",2151459,2151459,116985,116985
NA,"2020-06-17",2177114,2177114,117738,117738
NA,"2020-06-18",2205173,2205173,118464,118464
NA,"2020-06-19",2236009,2236009,119171,119171
NA,"2020-06-20",2268034,2268034,119717,119717
NA,"2020-06-21",2294413,2294413,119974,119974
NA,"2020-06-22",2324879,2324879,120334,120334
NA,"2020-06-23",2359939,2359939,121167,121167
NA,"2020-06-24",2396928,2396928,121934,121934
NA,"2020-06-25",2438101,2438101,124400,124400
NA,"2020-06-26",2483629,2483629,125033,125033
NA,"2020-06-27",2525928,2525928,125544,125544
NA,"2020-06-28",2565436,2565436,125815,125815
NA,"2020-06-29",2604932,2604932,126162,126162
NA,"2020-06-30",2653321,2653321,127462,127462
NA,"2020-07-01",2703296,2703296,128104,128104
NA,"2020-07-02",2758855,2758855,128827,128827
NA,"2020-07-03",2816009,2816009,129418,129418
NA,"2020-07-04",2866015,2866015,129679,129679
NA,"2020-07-05",2910782,2910782,129941,129941
NA,"2020-07-06",2958098,2958098,130332,130332
NA,"2020-07-07",3012182,3012182,131290,131290
NA,"2020-07-08",3071637,3071637,132238,132238
NA,"2020-07-09",3131526,3131526,133079,133079
NA,"2020-07-10",3199753,3199753,133907,133907
NA,"2020-07-11",3260474,3260474,134582,134582
NA,"2020-07-12",3318279,3318279,134977,134977
NA,"2020-07-13",3379846,3379846,135402,135402
NA,"2020-07-14",3445448,3445448,136356,136356
NA,"2020-07-15",3513790,3513790,137327,137327
NA,"2020-07-16",3589477,3589477,138285,138285
NA,"2020-07-17",3660400,3660400,139186,139186
NA,"2020-07-18",3722851,3722851,139961,139961
NA,"2020-07-19",3785126,3785126,140373,140373
NA,"2020-07-20",3845014,3845014,140904,140904
NA,"2020-07-21",3910291,3910291,142031,142031
NA,"2020-07-22",3980030,3980030,143167,143167
NA,"2020-07-23",4050036,4050036,144283,144283
NA,"2020-07-24",4123561,4123561,145429,145429
NA,"2020-07-25",4190337,4190337,146313,146313
NA,"2020-07-26",4244554,4244554,146753,146753
NA,"2020-07-27",4303735,4303735,148449,148449
NA,"2020-07-28",4366851,4366851,149776,149776
NA,"2020-07-29",4433633,4433633,151172,151172
NA,"2020-07-30",4502581,4502581,152433,152433
NA,"2020-07-31",4571669,4571669,153862,153862
NA,"2020-08-01",4628497,4628497,154917,154917
NA,"2020-08-02",4679291,4679291,155337,155337
NA,"2020-08-03",4726775,4726775,155945,155945
NA,"2020-08-04",4780324,4780324,157301,157301
NA,"2020-08-05",4834047,4834047,158554,158554
NA,"2020-08-06",4891561,4891561,159625,159625
NA,"2020-08-07",4952718,4952718,160981,160981
NA,"2020-08-08",5007958,5007958,161947,161947
NA,"2020-08-09",5056438,5056438,162486,162486
NA,"2020-08-10",5103611,5103611,163023,163023
NA,"2020-08-11",5156968,5156968,164474,164474
NA,"2020-08-12",5211246,5211246,165952,165952
NA,"2020-08-13",5265307,5265307,167165,167165
NA,"2020-08-14",5324784,5324784,168341,168341
NA,"2020-08-15",5375527,5375527,169400,169400
NA,"2020-08-16",5417664,5417664,169915,169915
NA,"2020-08-17",5455187,5455187,170449,170449
NA,"2020-08-18",5498420,5498420,171798,171798
NA,"2020-08-19",5541433,5541433,173093,173093
NA,"2020-08-20",5587475,5587475,174136,174136
NA,"2020-08-21",5636491,5636491,175297,175297
NA,"2020-08-22",5681517,5681517,176247,176247
NA,"2020-08-23",5713850,5713850,176693,176693
NA,"2020-08-24",5754254,5754254,177197,177197
NA,"2020-08-25",5793385,5793385,178410,178410
NA,"2020-08-26",5838532,5838532,179603,179603
NA,"2020-08-27",5884368,5884368,180729,180729
NA,"2020-08-28",5930932,5930932,181739,181739
NA,"2020-08-29",5975541,5975541,182610,182610
NA,"2020-08-30",6008970,6008970,182984,182984
NA,"2020-08-31",6045457,6045457,183472,183472
NA,"2020-09-01",6089506,6089506,184563,184563
NA,"2020-09-02",6121950,6121950,185639,185639
NA,"2020-09-03",6168347,6168347,186717,186717
NA,"2020-09-04",6220448,6220448,187697,187697
NA,"2020-09-05",6262701,6262701,188409,188409
NA,"2020-09-06",6292699,6292699,188820,188820
NA,"2020-09-07",6317865,6317865,189083,189083
NA,"2020-09-08",6346807,6346807,189541,189541
NA,"2020-09-09",6380139,6380139,190716,190716
NA,"2020-09-10",6418200,6418200,191631,191631
NA,"2020-09-11",6465767,6465767,192858,192858
NA,"2020-09-12",6504871,6504871,193559,193559
NA,"2020-09-13",6538214,6538214,193958,193958
NA,"2020-09-14",6575101,6575101,194408,194408
NA,"2020-09-15",6614318,6614318,195689,195689
NA,"2020-09-16",6653586,6653586,196686,196686
NA,"2020-09-17",6698896,6698896,197535,197535
NA,"2020-09-18",6747783,6747783,198484,198484
NA,"2020-09-19",6789594,6789594,199154,199154
NA,"2020-09-20",6825950,6825950,199367,199367
NA,"2020-09-21",6880902,6880902,199797,199797
NA,"2020-09-22",6918293,6918293,200738,200738
NA,"2020-09-23",6959842,6959842,201828,201828
NA,"2020-09-24",7005046,7005046,202713,202713
NA,"2020-09-25",7059627,7059627,203566,203566
NA,"2020-09-26",7102322,7102322,204335,204335
NA,"2020-09-27",7139620,7139620,204602,204602
NA,"2020-09-28",7176980,7176980,204952,204952
NA,"2020-09-29",7220677,7220677,205878,205878
NA,"2020-09-30",7262735,7262735,206852,206852
NA,"2020-10-01",7309153,7309153,207699,207699
NA,"2020-10-02",7362733,7362733,208564,208564
NA,"2020-10-03",7410512,7410512,209273,209273
NA,"2020-10-04",7445575,7445575,209606,209606
NA,"2020-10-05",7507988,7507988,210035,210035
NA,"2020-10-06",7550850,7550850,210756,210756
NA,"2020-10-07",7603867,7603867,211752,211752
NA,"2020-10-08",7660249,7660249,212680,212680
NA,"2020-10-09",7719211,7719211,213595,213595
NA,"2020-10-10",7770859,7770859,214187,214187
NA,"2020-10-11",7815642,7815642,214606,214606
NA,"2020-10-12",7863658,7863658,214957,214957
NA,"2020-10-13",7918051,7918051,215783,215783
NA,"2020-10-14",7977904,7977904,216792,216792
NA,"2020-10-15",8043257,8043257,217585,217585
NA,"2020-10-16",8113721,8113721,218476,218476
NA,"2020-10-17",8166482,8166482,219154,219154
NA,"2020-10-18",8214364,8214364,219541,219541
NA,"2020-10-19",8279804,8279804,220058,220058
NA,"2020-10-20",8340398,8340398,220987,220987
NA,"2020-10-21",8404635,8404635,222195,222195
NA,"2020-10-22",8479765,8479765,223023,223023
NA,"2020-10-23",8565062,8565062,223953,223953
NA,"2020-10-24",8643641,8643641,224825,224825
NA,"2020-10-25",8703356,8703356,225164,225164
NA,"2020-10-26",8777994,8777994,225701,225701
NA,"2020-10-27",8852381,8852381,226684,226684
NA,"2020-10-28",8934263,8934263,227702,227702
NA,"2020-10-29",9024932,9024932,228706,228706
NA,"2020-10-30",9124800,9124800,229674,229674
NA,"2020-10-31",9209007,9209007,230512,230512
NA,"2020-11-01",9283202,9283202,230940,230940
NA,"2020-11-02",9377208,9377208,231480,231480
NA,"2020-11-03",9469624,9469624,232610,232610
NA,"2020-11-04",9577702,9577702,234226,234226
NA,"2020-11-05",9699051,9699051,235334,235334
NA,"2020-11-06",9831874,9831874,236582,236582
NA,"2020-11-07",9957805,9957805,237589,237589
NA,"2020-11-08",10061128,10061128,238053,238053
NA,"2020-11-09",10191572,10191572,238798,238798
NA,"2020-11-10",10331256,10331256,240262,240262
NA,"2020-11-11",10474295,10474295,241693,241693
NA,"2020-11-12",10637946,10637946,242865,242865
NA,"2020-11-13",10819442,10819442,244255,244255
NA,"2020-11-14",10978475,10978475,245465,245465
NA,"2020-11-15",11113661,11113661,246088,246088
NA,"2020-11-16",11280224,11280224,246884,246884
NA,"2020-11-17",11441855,11441855,248491,248491
NA,"2020-11-18",11614135,11614135,250415,250415
NA,"2020-11-19",11801643,11801643,252376,252376
NA,"2020-11-20",12000502,12000502,254333,254333
NA,"2020-11-21",12172435,12172435,255758,255758
NA,"2020-11-22",12313229,12313229,256601,256601
NA,"2020-11-23",12492852,12492852,257639,257639
NA,"2020-11-24",12670710,12670710,259848,259848
NA,"2020-11-25",12851300,12851300,262161,262161
NA,"2020-11-26",12954294,12954294,263339,263339
NA,"2020-11-27",13160133,13160133,264751,264751
NA,"2020-11-28",13311541,13311541,265943,265943
NA,"2020-11-29",13447663,13447663,266761,266761
NA,"2020-11-30",13615321,13615321,268031,268031
NA,"2020-12-01",13799549,13799549,270639,270639
NA,"2020-12-02",14000721,14000721,273525,273525
NA,"2020-12-03",14218459,14218459,276381,276381
NA,"2020-12-04",14449827,14449827,279018,279018
NA,"2020-12-05",14655535,14655535,281208,281208
NA,"2020-12-06",14827456,14827456,282319,282319
NA,"2020-12-07",15031979,15031979,283853,283853
NA,"2020-12-08",15251693,15251693,286674,286674
NA,"2020-12-09",15471409,15471409,289830,289830
NA,"2020-12-10",15697131,15697131,292771,292771
NA,"2020-12-11",15977147,15977147,295726,295726
NA,"2020-12-12",16184679,16184679,297981,297981
NA,"2020-12-13",16368898,16368898,299338,299338
NA,"2020-12-14",16569783,16569783,301016,301016
NA,"2020-12-15",16772936,16772936,304041,304041
NA,"2020-12-16",17017763,17017763,307652,307652
NA,"2020-12-17",17255472,17255472,310950,310950
NA,"2020-12-18",17506662,17506662,313820,313820
NA,"2020-12-19",17700567,17700567,316381,316381
NA,"2020-12-20",17880478,17880478,317810,317810
NA,"2020-12-21",18081996,18081996,319773,319773
NA,"2020-12-22",18283633,18283633,323012,323012
NA,"2020-12-23",18511396,18511396,326424,326424
NA,"2020-12-24",18704907,18704907,329248,329248
NA,"2020-12-25",18805838,18805838,330377,330377
NA,"2020-12-26",19022699,19022699,332023,332023
NA,"2020-12-27",19174788,19174788,333253,333253
NA,"2020-12-28",19363798,19363798,335152,335152
NA,"2020-12-29",19564828,19564828,338780,338780
NA,"2020-12-30",19793777,19793777,342588,342588
NA,"2020-12-31",20024801,20024801,346050,346050
